3
[2,6,8,7,8,7,9,4,1,2,4,5,8]
56
[99,615,422,179,215,862,76,229,371,60,978,140,318,877,237,980,617,84,852,268,432,491,894,982,421,919,266,864,449,367,347,859,580,992,302,207,219,805,383,277,142,855,385,445,241,513,506,700,170,791,242,714,441,931,311,281,426,122,361,295,592,51,460,215,689,486,158,246,836,103,313,79,710,868,515,102,582,109,495,863,917,568,763,362,788,818,536,189,595,271,555,171,266,154,177,337,430,886,148,849,714,504,688,397,296,211,239,846,88,725,757,818,316,549,637,441,285,874,139,187,731,754,189,89,711,132,760,55,920,106,498,216,815,244,988,128,168,71,131,80,711,842,350,899,747,568,567,552,420,448,371,945,609,568,667,692,96,360,185,209,938,142,74,549,242,737,771,549,613,160,126,237,439,315,399,120,270,922,860,524,608,530,93,486,230,273,936,727,629,878,365,395,812,142,257,577,648,768,936,55,705,147,877,584,934,502,170,828,68,293,515,765,809,507,795,549,500,944,615,806,706,739,729,838,703,478,422,780,942,455,236,364,386,192,182,926,615,117,505,741,563,721,550,713,393,689,937,252,637,945,264,780,434,108,729,903,713,382,126,426,858,362,576,848,237,739,536,524,446,494,959,831,541,872,685,591,488,219,121,87,991]
1
[3,4,8,5]
2
[3,3,5,0,0,3,1,4]
1
[1,2]
0
[1,3]
2
[2,4,1]
2
[3,2,6,5,0,3]
2
[4, 4, 6, 1, 1, 4, 2 ,5]
1
[3, 2, 1]
100000000
[826,365,819,285,591,215,206,833,335,290,412,549,564,468,737,224,705,980,248,617,885,918,752,838,154,481,713,270,832,746,181,13,877,831,209,629,511,309,97,557,325,433,360,144,189,326,241,550,169,40,131,644,382,143,988,602,47,44,156,526,378,45,308,305,380,816,317,724,630,88,748,28,487,407,656,123,579,34,507,541,343,372,183,970,776,119,943,356,453,854,187,558,932,85,57,731,431,780,909,766,11,794,660,67,169,353,456,651,180,556,105,58,749,724,947,666,894,82,512,494,393,652,583,316,667,104,656,30,538,625,581,608,305,270,389,421,370,260,606,159,25,748,618,122,400,832,328,547,292,382,594,20,854,682,631,492,705,60,20,882,294,799,91,13,179,951,951,765,195,336,184,707,866,774,927,834,728,642,506,228,205,473,974,275,523,161,504,372,849,483,366,352,269,26,152,307,147,787,42,284,714,762,667,741,607,981,727,386,661,412,854,756,722,139,889,872,317,996,848,246,161,340,429,384,725,887,493,802,967,777,782,262,180,460,439,273,250,6,962,77,942,68,551,4,332,624,379,177,884,275,327,351,600,94,960,503,902,716,366,393,585,136,557,520,43,941,47,242,694,665,976,772,70,690,754,720,799,328,43,331,216,657,399,906,529,886,174,695,930,389,511,91,720,559,594,864,713,114,745,141,997,74,493,688,569,149,362,889,74,686,374,154,688,114,262,591,380,421,128,31,332,912,295,826,213,89,493,89,239,601,175,646,228,413,883,114,566,684,975,239,770,299,681,43,377,543,313,75,895,85,950,591,990,79,357,294,797,312,789,828,751,972,262,508,849,833,916,183,930,568,30,918,970,323,89,512,103,684,499,480,208,546,406,945,577,333,14,693,950,882,748,271,528,474,315,106,29,791,626,722,518,350,286,298,731,105,748,482,946,558,870,675,913,415,977,928,952,685,133,608,803,827,377,737,547,526,558,714,458,538,784,366,203,582,586,108,338,870,572,725,806,52,668,953,707,515,902,140,561,200,498,860,623,50,596,608,550,418,233,264,217,730,939,166,807,695,290,920,668,890,251,671,868,174,735,681,574,803,960,547,22,195,391,631,66,601,724,314,136,56,205,946,681,124,238,600,782,752,894,499,773,125,420,137,42,238,151,916,488,726,78,431,478,8,510,110,636,849,3,491,834,735,838,806,366,960,569,859,503,822,474,171,863,141,141,940,274,168,353,979,502,614,692,224,302,678,441,18,740,681,462,559,442,359,287,394,28,428,274,346,446,50,681,711,699,796,240,341,705,327,360,5,307,817,28,110,420,279,767,700,794,354,444,674,609,253,757,324,756,587,13,480,991,389,877,743,730,704,907,346,694,201,458,8,73,379,855,876,748,105,921,339,910,771,627,198,994,68,996,813,552,320,360,115,600,521,123,674,262,524,31,611,562,169,977,152,700,567,377,829,788,230,790,76,87,438,620,366,870,211,497,318,603,945,752,8,234,968,823,734,287,984,145,712,873,152,366,351,57,599,925,824,109,107,655,519,557,834,566,429,168,871,852,535,530,734,487,610,277,633,383,629,446,118,920,241,993,756,627,69,362,725,133,235,646,826,103,594,72,162,28,152,470,316,855,222,929,581,319,4,108,788,620,447,324,87,530,150,522,68,763,653,1000,927,258,895,495,634,247,979,382,247,405,628,69,748,561,887,944,347,427,523,309,392,352,198,787,596,259,45,34,532,553,93,417,948,580,910,300,973,875,194,99,127,827,826,361,938,765,694,243,208,692,682,724,861,275,89,428,263,464,29,657,390,122,511,549,592,941,964,890,961,535,311,35,483,848,460,251,687,465,791,890,848,634,292,346,519,141,471,553,37,456,835,22,129,551,156,629,467,578,19,107,240,936,745,932,433,835,493,233,996,639,590,381,349,737,811,101,656,582,852,846,417,214,208,206,148,522,650,500,975,207,539,2,662,217,900,385,593,890,933,703,663,906,753,32,711,523,641,207,347,355,100,614,288,267,479,624,17,34,566,880,260,145,67,492,104,407,313,701,505,664,28,687,446,770,779,813,871,393,80,949,399,850,436,240,772,657,325,540,33,630,990,932,397,756,535,964,951,132,971,504,548,158,47,939,861,376,507,673,971,314,777,856,816,870,277,108,766,419,631,174,183,627,244,103,902,682,176,576,751,975,733,323,587,387,916,949,809,834,557,490,424,228,912,628,443,509,312,200,239,418,624,462,684,553,974,898,746,345,836,508,519,900,326,162,609,510,219,94,86,324,609,774,612,869,750,917,89,10,969,333,665,998,671,628,891,325,453,416,249,584,836,120,75,650,929,358,988,925,733,165,850,849,722,500,132,762,355,690,469,463,666,358,467,736,293,813,296,365,591,64,451,645,406,54,428,963,746,399,19,983,957,605,207,832,886,403,791,494,41,763,454,312,29,868,158,358,432,253,769,400,858,232,769,329,991,735,343,515,715,386,429,356,184,821,331,875,671,337,949,476,882,700,553,486,835,678,118,306,928,548,612,372,64,573,151,893,392,904,750,532,564,625,587,226,668,565,413,566,493,347,796,979,827,599,683,469,770,216,56,468,468,663,73,246,389,174,848,50,179,338,423,626,374,471,490,918,625,518,200,551,23,848,245,284,38,889,110,233,194,250,321,747,728,206,40,554,439,465,514,396,733,239,620,225,107,32,329,242,82,111,122,429,83,896,228,778,165,626,727,675,732,842,674,214,571,353,563,495,523,760,361,615,535,975,314,97,940,838,699,644,460,289,443,62,136,17,782,908,584,202,882,260,627,218,408,371,281,709,470,644,136,243,951,818,114,54,759,140,260,409,517,803,917,145,597,701,937,954,842,755,77,581,827,78,138,595,24,439,564,856,921,468,585,645,156,41,31,536,628,129,615,981,911,137,352,798,69,71,584,815,795,504,458,979,782,488,844,670,603,112,752,187,993,393,85,575,921,856,318,425,62,886,559,77,786,702,14,634,472,786,228,647,790,785,864,898,646,778,614,636,110,317,442,202,774,444,394,831,320,475,983,799,357,220,285,163,160,283,758,440,199,483,388,606,750,841,213,195,198,985,16,483,65,78,577,820,213,341,218,713,622,337,93,960,15,808,808,705,118,683,847,804,784,548,50,19,339,732,449,524,656,678,243,841,732,664,28,695,432,893,702,126,106,86,599,550,959,885,914,494,660,313,168,234,650,488,97,902,51,264,171,305,323,611,816,192,603,799,58,422,968,377,578,453,646,955,771,927,635,753,492,467,827,298,732,848,397,147,948,462,534,370,719,226,318,738,563,38,475,255,661,960,767,521,126,254,607,516,844,494,143,724,389,448,822,478,851,29,787,782,641,106,373,331,867,339,427,798,681,74,651,314,362,367,282,655,130,427,897,885,46,236,902,100,661,754,339,676,43,492,189,673,73,698,605,9,879,338,815,675,361,344,879,205,859,5,540,935,276,510,544,555,930,602,885,922,264,142,858,646,517,871,543,515,550,9,377,11,334,918,270,15,19,735,100,926,882,435,563,579,956,582,615,402,514,224,937,788,829,150,514,800,693,553,918,983,95,966,332,252,255,698,238,96,282,916,372,995,148,455,658,133,197,645,993,552,523,816,996,12,313,350,416,609,158,874,559,970,638,50,783,257,485,977,406,976,335,996,17,623,650,41,779,991,863,367,623,875,601,938,635,732,863,256,918,796,526,846,870,160,106,554,738,162,432,402,961,706,820,595,776,742,761,56,275,223,466,610,486,804,477,308,249,563,398,684,161,570,186,946,243,723,955,117,510,915,587,896,195,573,860,777,714,423,128,631,839,167,341,481,404,628,153,614,162,286,251,805,538,952,722,475,372,327,232,132,292,969,394,160,205,374,1,431,406,281,961,812,426,999,601,756,761,404,944,754,823,974,981,432,404,505,343,165,544,136,746,418,82,887,954,626,715,490,590,534,7,505,16,257,538,440,722,217,875,662,404,207,332,557,859,710,840,388,851,290,230,192,566,297,68,411,696,108,961,941,717,785,534,904,528,433,467,837,183,515,585,95,995,984,244,874,112,102,205,316,954,999,43,943,263,296,523,866,215,937,749,831,332,395,451,100,417,476,311,959,208,512,150,371,5,538,168,275,43,905,971,404,435,745,322,158,427,7,978,34,624,21,896,354,662,57,482,489,425,61,680,65,221,595,217,335,119,492,129,758,289,440,419,991,411,9,431,800,106,541,61,835,568,160,174,305,350,981,737,474,165,266,137,493,684,754,612,746,764,796,201,231,539,500,420,556,81,652,781,826,827,590,822,902,782,574,590,970,987,333,964,496,88,356,313,342,288,386,996,330,293,875,707,534,327,954,795,845,213,135,687,96,996,72,588,669,286,914,229,394,745,70,237,313,78,16,828,54,459,430,617,315,801,517,710,40,585,306,252,123,961,885,370,288,186,875,765,37,219,121,72,159,846,745,414,29,480,225,932,944,950,132,15,526,179,69,759,523,365,711,980,299,969,988,191,162,86,324,871,287,812]